93
63
13
97
66
74
9
9
60
93
53
61
94
14
3
83
64
5
3
74
24
92
60
39
98
67
21
43
10
46
97
95
68
47
22
84
27
37
15
86
63
62
39
24
39
74
36
61
26
32
36
53
96
22
17
1
4
74
98
99
53
66
99
15
95
57
92
47
91
18
56
27
89
17
11
62
54
36
99
25
31
60
18
77
10
44
99
47
30
21
80
53
38
16
33
97
62
24
29
82
81
89
69
8
75
9
64
80
11
54
47
68
74
74
68
93
48
22
5
52
57
46
18
71
38
4
88
73
83
14
1
30
8
17
43
42
90
10
3
2
80
20
37
75
74
12
78
64
48
39
49
40
19
76
26
36
71
98
69
71
20
90
96
96
54
17
61
58
31
26
3
39
20
4
71
38
9
42
96
26
26
25
26
44
65
60
11
31
91
8
70
92
41
31
81
90
23
41
22
57
51
20
33
23
37
11
21
16
6
87
27
30
3
44
46
94
65
52
32
93
7
31
66
23
55
11
98
89
23
81
15
68
20
39
75
6
91
3
8
55
40
95
25
4
81
41
90
96
85
86
25
70
9
28
51
21
54
10
67
26
13
31
92
24
73
59
10
63
69
40
4
62
45
77
54
12
6
62
42
14
21
2
4
36
56
44
59
92
88
55
52
82
36
81
42
9
3
1
31
22
31
27
28
45
83
63
26
32
73
40
15
91
68
53
6
11
28
57
67
29
99
17
74
15
88
22
27
63
35
45
9
5
32
20
82
93
73
59
53
93
19
27
19
49
40
60
15
82
76
32
81
46
34
2
23
15
53
14
57
62
37
62
97
29
31
10
60
48
70
13
37
69
5
74
11
72
98
25
74
28
7
44
87
4
64
63
71
30
97
68
40
60
2
90
57
56
30
90
19
30
1
66
12
64
94
13
42
59
90
50
16
28
39
29
55
92
75
93
64
67
39
30
50
2
72
77
67
14
17
55
43
8
7
44
28
41
33
23
10
52
22
12
40
47
53
13
21
73
36
65
81
36
27
51
91
71
17
10
92
17
46
28
42
36
8
8
21
94
2
15
59
52
84
13
46
27
90
4
49
59
56
93
78
52
73
7
81
55
53
56
24
24
31
92
7
93
69
4
39
45
91
26
72
21
6
29
51
15
6
65
81
13
60
33
61
52
50
90
62
2
27
65
42
45
90
36
21
92
6
52
57
86
64
5
67
30
21
57
47
45
55
67
50
87
75
11
63
98
31
54
43
79
41
38
18
26
83
28
31
69
8
59
9
53
8
94
49
56
65
32
32
92
44
18
46
60
16
55
69
79
73
23
62
52
9
77
46
26
86
41
46
93
27
77
37
96
59
96
79
81
62
7
33
99
23
50
36
23
91
58
11
29
59
51
96
85
97
56
44
30
48
23
69
24
85
38
66
66
80
50
2
19
75
87
18
66
89
62
30
58
42
24
35
29
31
17
34
76
80
52
99
3
53
49
33
39
37
10
14
84
84
69
42
42
57
92
54
71
33
30
95
35
26
85
88
25
88
41
93
69
4
90
86
29
51
98
66
26
55
79
29
80
49
46
74
72
81
92
71
39
62
63
43
50
56
65
76
67
61
9
50
95
16
45
80
94
83
13
90
58
26
29
17
54
1
16
85
80
12
16
43
95
69
55
7
41
47
36
73
86
22
99
64
46
29
33
64
5
65
79
89
68
3
14
13
34
47
88
50
40
79
96
55
45
65
54
27
61
39
40
47
48
40
5
36
27
64
70
26
67
52
81
15
32
27
74
93
56
43
72
93
58
86
34
7
26
44
19
81
75
7
4
66
26
32
42
29
97
77
85
69
77
63
82
88
98
82
23
19
90
60
70
19
66
46
88
62
7
98
11
82
45
88
50
60
48
15
88
99
84
46
96
78
57
3
17
95
4
45
9
44
22
1
90
15
37
85
99
80
43
80
23
99
67
4
25
88
13
22
40
83
93
23
35
45
64
91
62
63
30
93
58
61
89
67
61
45
98
36
24
63
16
9
56
5
23
97
12
53
78
28
82
82
5
25
50
98
65
46
50
45
23
37
51
50
22
61
10
99
43
79
90
77
97
77
68
84
66
31
22
67
80
9
85
2
12
75
57
64
17
62
79
52
85
78
40
78
58
7
82
62
87
12
11
98
38
6
84
28
57
65
33
35
25
83
65
15
52
49
38
47
5
45
83
80
1
38
91
19
37
89
27
59
48
60
79
68
98
86
63
7
91
29
8
51
30
44
28
2
14
